51,1
51,0
50,4
50,3
50,2
50,1
50,0
48,2
48,1
48,0
47,2
47,1
47,0
46,2
46,1
46,0
4,3
4,2
4,1
4,0
3,6
3,5
3,4
3,3
3,2
3,1
3,0
2,3
2,2
2,1
2,0
1,3
1,2
1,1
1,0
0,376
0,375
0,374
0,373
0,372
0,371
0,370
0,369
0,368
0,367
0,366
0,365
0,364
0,363
0,362
0,361
0,360
0,359
0,358
0,357
0,356
0,355
0,354
0,353
0,352
0,351
0,350
0,349
0,348
0,347
0,346
0,345
0,344
0,343
0,342
0,341
0,340
0,339
0,338
0,337
0,336
0,335
0,334
0,333
0,332
0,331
0,330
0,329
0,328
0,327
0,326
0,325
0,324
0,323
0,322
0,321
0,320
0,319
0,318
0,317
0,316
0,315
0,314
0,312
0,311
0,310
0,309
0,308
0,307
0,300
0,299
0,298
0,297
0,296
0,295
0,294
0,293
0,292
0,291
0,290
0,289
0,288
0,287
0,286
0,285
0,284
0,283
0,282
0,281
0,280
0,279
0,278
0,277
0,276
0,275
0,274
0,273
0,272
0,271
0,270
0,269
0,268
0,267
0,266
0,265
0,264
0,263
0,262
0,261
0,260
0,259
0,258
0,257
0,256
0,255
0,254
0,253
0,252
0,251
0,250
0,249
0,248
0,247
0,246
0,245
0,244
0,243
0,242
0,241
0,240
0,239
0,238
0,237
0,236
0,235
0,234
0,233
0,232
0,231
0,230
0,229
0,228
0,227
0,226
0,225
0,224
0,223
0,222
0,221
0,220
0,219
0,218
0,217
0,216
0,215
0,214
0,213
0,212
0,211
0,210
0,209
0,208
0,207
0,206
0,205
0,204
0,203
0,202
0,201
0,200
0,199
0,198
0,197
0,196
0,195
0,194
0,193
0,192
0,63
0,62
0,61
0,60
0,59
0,58
0,57
0,56
0,55
0,54
0,53
0,52
0,51
0,50
0,49
0,48
0,47
0,46
0,45
0,9
0,2
0,1
0,0
51,2
51,3
69,1
69,2
69,4
70,0
70,2
70,4
71,0
71,2
71,3
71,6
74,0
74,1
74,3
74,4
74,8
74,9
74,11
74,19
74,21
74,25
74,27
74,31
74,35
74,38
74,41
74,44
74,49
74,64
74,70
74,76
74,80
74,74
74,67
74,46
74,40
74,32
74,29
74,23
74,14
74,10
74,6
74,2
71,7
71,5
71,1
70,3
70,1
69,3
69,0
46,45
48,44
47,44
46,44
48,43
47,43
46,43
48,42
47,42
46,42
48,41
47,41
46,41
48,40
47,40
46,40
48,39
47,39
46,39
48,38
47,38
46,38
48,37
47,37
46,37
48,36
47,36
46,36
48,35
47,35
46,35
48,34
47,34
46,34
48,33
47,33
46,33
48,32
47,32
46,32
48,46
48,31
47,31
46,46
46,31
48,45
48,30
47,30
46,30
48,29
47,29
46,29
48,28
47,28
46,28
48,27
47,27
46,27
48,26
47,26
46,26
48,25
47,25
46,25
48,24
47,24
46,24
48,23
47,23
46,23
48,22
47,22
46,22
48,21
47,21
46,21
48,20
47,20
46,20
48,19
47,19
46,19
48,18
47,18
46,18
48,17
47,17
46,17
48,16
47,16
46,16
48,15
47,15
46,15
48,14
47,14
46,14
48,13
47,13
46,13
48,12
47,12
46,12
48,11
47,11
46,11
48,10
47,10
46,10
48,9
47,9
46,9
48,8
47,8
46,8
48,7
47,7
46,7
48,6
47,6
46,6
48,5
47,5
46,5
48,4
47,4
46,4
48,3
47,3
46,3
0,301
0,6
0,5
0,304
0,303
0,306
0,305
0,302
0,12
0,10
0,8
0,11
0,7
0,4
0,3
